#7
39984
2048
4096
4096
20480
2052
2052
2048
0
1040
1028
1044
#end

#8
60464
2048
4096
4096
40960
2052
2052
2048
0
1040
1028
1044
#end

#9
61464
2048
4096
4096
40960
2052
2052
2048
0
1040
1536
1536
#end

#10
65560
2048
4096
4096
45056
2052
2052
2048
0
1040
1536
1536
#end

#11
66072
2048
4096
4096
45056
2052
2052
2048
0
1040
2048
1536
#end

#14
135704
2048
16384
16384
90112
2052
2052
2048
0
1040
2048
1536
#end

#14.1
135704
2048
16384
16384
90112
2052
2052
2048
0
1040
2048
1536
#end

#14.2
142356
2048
16384
16384
98304
2052
2052
2048
0
1040
2048
2048
#end

#14.300000
145908
2048
16384
16384
98304
2052
2052
2048
1500
1040
2048
2048
#end

#15.000
145908
2048
16384
16384
98304
2052
2052
2048
1500
1040
2048
2048
#end

#15.001
145908
2048
16384
16384
98304
2052
2052
2048
1500
1040
2048
2048
#end

#16.000
145908
2048
16384
16384
98304
2052
2052
2048
1500
1040
2048
2048
#end

#20.001
145908
2048
16384
16384
98304
2052
2052
2048
1500
1040
2048
2048
#end

#20.002
145932
2048    
16384
16384
98304
2052
2052
2048
1500
1040
2048
2048
#end


#20.003
145932
2072
16384
16384
98304
2052
2052
2048
1500
1040
2048
2048
#end


#20.004
146564
2704
16384
16384
98304
2052
2052
2048
1500
1040
2048
2048
#end


#20.005
149788
4096
16384
16384
98304
2052
2052
2048
1500
1960
2560
2448
#end


#20.006
149788
4096
16384
16384
98304
2052
2052
2048
1500
1960
2560
2448
#end


#20.007
149788
4096
16384
16384
98304
2052
2052
2048
1500
1960
2560
2448
#end


#24.000
157276
4096
16384
16384
98304
2052
2052
2048
1500
1960
2560
2448
7488
#end


#25.001
166172
4096
16384
16384
98304
2052
2052
2048
1500
1960
2560
2448
7488
8896
#end


#25.002
166172
4096
16384
16384
98304
2052
2052
2048
1500
1960
2560
2448
7488
8896
#end


#25.003
167196
4096
16384
16384
98304
2052
2052
2048
2524
1960
2560
2448
7488
8896
#end

#25.004
216348
4096
16384
16384
147456
2052
2052
2048
2524
1960
2560
2448
7488
8896
#end 

#26.000
163868
4096
16384
16384
98304
2052
2052
2048
2524
1960
2560
2448
7488
5568
#end

#26.001
164532
4096
16384
16384
98304
2052
2052
2048
3188
1960
2560
2448
7488
5568
#end

#26.002
213684
4096
16384
16384
147456
2052
2052
2048
3188
1960
2560
2448
7488
5568
#end
